hmax: 0.08938872086456212
hmin: 0.00458385691116293
ncells: 4016
npoints: 817
vol_CSFID: 0.0027387609398495574
vol_CSFNOFLOWID: 2.7682921675235434e-07
vol_LVID: 3.148428389080113e-05
vol_PARID: 0.000845681265285744
vol_V34ID: 4.200811789961113e-06
