hmax: 0.06653808478233354
hmin: 0.002794035524864129
ncells: 10011
npoints: 1904
vol_CSFID: 0.002723487786506772
vol_CSFNOFLOWID: 1.1683675146084828e-05
vol_LVID: 3.137553999536674e-05
vol_PARID: 0.0008457197498304615
vol_V34ID: 4.218824056534238e-06
