hmax: 0.06653808478233354
hmin: 0.002794035524864129
ncells: 21403
npoints: 3987
vol_CSFID: 0.0027317971640487965
vol_CSFNOFLOWID: 3.3742976040761832e-06
vol_LVID: 3.137553999536674e-05
vol_PARID: 0.0008457197498304604
vol_V34ID: 4.218824056534238e-06
