hmax: 0.012923067722799284
hmin: 0.00024602732862066405
ncells: 1225774
npoints: 221988
vol_CSFID: 0.00032815680375728666
vol_CSFNOFLOWID: 8.516131002498288e-09
vol_LVID: 2.6527820058334087e-05
vol_PARID: 0.0013175610138896994
vol_V34ID: 5.491631582337331e-06
