hmax: 0.011600078924673603
hmin: 0.0004732326102661175
ncells: 851904
npoints: 153729
vol_CSFID: 0.00027743495929184807
vol_CSFNOFLOWID: 7.078798867879357e-07
vol_LVID: 2.3539486778103794e-05
vol_PARID: 0.0013863196575824707
vol_V34ID: 4.9683462366084584e-06
